0 0.129141 0.248674 0.192022 0.160477
0 0.130494 0.430371 0.194726 0.163130
0 0.129141 0.674403 0.192022 0.163130
0 0.129817 0.862069 0.194726 0.167109
0 0.381339 0.247347 0.192022 0.165782
0 0.381339 0.433024 0.194726 0.171088
0 0.381677 0.677719 0.195402 0.169761
0 0.381677 0.861406 0.194050 0.163130
0 0.621704 0.249337 0.194050 0.164456
0 0.621704 0.431034 0.196755 0.161804
0 0.621704 0.677719 0.194050 0.167109
0 0.621704 0.860743 0.194050 0.161804
0 0.866802 0.251326 0.193374 0.165782
0 0.867140 0.433024 0.192698 0.168435
0 0.867478 0.678382 0.193374 0.165782
0 0.865450 0.862732 0.196078 0.171088
