1 0.254392 0.419248 0.125000 0.203540
1 0.049324 0.893805 0.095946 0.212389
1 0.088514 0.695796 0.120270 0.210177
1 0.066554 0.094027 0.131757 0.185841
1 0.397973 0.869469 0.118919 0.199115
1 0.370608 0.498894 0.129054 0.216814
1 0.590203 0.876659 0.122297 0.200221
1 0.531419 0.673673 0.131757 0.216814
1 0.488176 0.433628 0.120946 0.196903
1 0.651014 0.426438 0.126351 0.215708
1 0.735135 0.603429 0.145946 0.235619
1 0.883108 0.638827 0.131081 0.211283
1 0.771622 0.358960 0.127027 0.211283
1 0.702365 0.126659 0.129054 0.213496
1 0.561149 0.074115 0.120946 0.146018
1 0.886486 0.171460 0.120270 0.199115
1 0.955068 0.481748 0.089865 0.237832
