1 0.109000 0.106447 0.194000 0.209895
1 0.314500 0.149175 0.193000 0.238381
1 0.600000 0.135682 0.198000 0.235382
1 0.884000 0.128186 0.204000 0.250375
1 0.053500 0.256372 0.105000 0.284858
1 0.181000 0.356072 0.210000 0.256372
1 0.401500 0.364318 0.205000 0.263868
1 0.607000 0.322339 0.206000 0.275862
1 0.758000 0.320090 0.188000 0.268366
1 0.911000 0.392804 0.178000 0.281859
1 0.164500 0.631184 0.203000 0.287856
1 0.371500 0.644678 0.207000 0.311844
1 0.583500 0.592954 0.217000 0.265367
1 0.798500 0.577211 0.211000 0.299850
1 0.926500 0.793853 0.147000 0.319340
1 0.627500 0.772114 0.213000 0.293853
1 0.443500 0.893553 0.215000 0.212894
1 0.224500 0.892054 0.209000 0.215892
1 0.031000 0.534483 0.060000 0.259370
