1 0.268125 0.107930 0.133750 0.151248
1 0.401250 0.108664 0.132500 0.149780
1 0.206875 0.325991 0.146250 0.170338
1 0.383125 0.325257 0.151250 0.171806
1 0.612500 0.322320 0.165000 0.189427
1 0.780000 0.325257 0.162500 0.189427
1 0.207500 0.544053 0.172500 0.204112
1 0.381875 0.544053 0.173750 0.201175
1 0.630625 0.558003 0.191250 0.226138
1 0.822500 0.557269 0.190000 0.224670
1 0.150625 0.812041 0.211250 0.243759
1 0.364375 0.813510 0.208750 0.243759
1 0.611250 0.833333 0.187500 0.218796
1 0.798125 0.833333 0.183750 0.215859
