1 0.150146 0.632870 0.186035 0.265739
1 0.318359 0.555271 0.160156 0.252562
1 0.285400 0.172035 0.150879 0.206442
1 0.629395 0.366764 0.182617 0.229868
1 0.569580 0.749268 0.169434 0.246706
1 0.851318 0.652269 0.153809 0.226940
1 0.781738 0.118594 0.183594 0.235725
1 0.538574 0.098097 0.154297 0.194729
1 0.382568 0.443997 0.172363 0.258419
1 0.594482 0.531845 0.160645 0.218887
1 0.582031 0.960102 0.155273 0.079795
1 0.423828 0.249268 0.187500 0.208638
1 0.679199 0.706076 0.115234 0.226208
1 0.752930 0.260615 0.151367 0.178624
