0 0.528333 0.325641 0.890000 0.553846
1 0.291667 0.735897 0.116667 0.097436
1 0.643333 0.935897 0.140000 0.107692
1 0.925000 0.578205 0.150000 0.115385
1 0.821667 0.891026 0.136667 0.100000
1 0.651667 0.829487 0.136667 0.105128
1 0.376667 0.826923 0.106667 0.094872
1 0.473333 0.885897 0.113333 0.094872
1 0.470000 0.789744 0.120000 0.097436
1 0.465000 0.700000 0.110000 0.087179
1 0.613333 0.706410 0.140000 0.100000
1 0.771667 0.739744 0.143333 0.110256
1 0.920000 0.732051 0.146667 0.100000
1 0.365000 0.679487 0.110000 0.066667
0 0.436667 0.564103 0.793333 0.235897
